46
6.399932  -0.215638  23.973400
6.850000  18.299999  23.799999
3.885253  9.603564  20.437233
-0.064166  1.297361  7.942430
20.738981  -3.550709  3.734585
20.468254  -3.684843  -1.014658
-1.100000  -0.400000  12.899999
0.045379  10.332216  10.175714
0.042015  15.667255  10.326474
0.193528  10.132044  10.369119
-0.114185  7.228746  7.888322
0.076764  1.369844  10.421044
0.030340  7.213346  10.351631
0.027797  1.723994  10.174249
-0.156868  1.629160  8.291984
0.072239  6.915711  8.110375
0.113792  6.891832  10.087555
0.169355  10.101830  7.780163
0.060196  9.705847  7.570164
-0.013228  4.816837  6.585800
-0.085838  7.996655  6.065622
0.145262  10.250458  5.681256
0.103971  7.325497  5.819398
-0.097497  1.454264  5.898976
23.797092  -6.707460  3.949547
-10.613562  -2.956445  1.941886
-12.392902  -4.287441  1.924071
-1.480538  -0.303073  13.297415
16.799999  -5.900000  -0.600000
23.210600  -7.448077  -1.009758
0.239340  15.790583  5.678024
-1.362271  19.050547  -0.867400
0.000000  17.799999  0.000000
0.000000  0.000000  0.000000
-1.462266  -1.487367  -0.752947
-1.059834  18.028042  13.002162
0.416970  17.597322  12.292044
-2.307669  -14.006751  -0.277881
2.400995  -8.394301  -0.415165
0.999393  -17.796440  -0.313555
19.327906  -8.140174  -0.940945
19.013746  -11.864897  -0.577109
16.123989  -15.781148  -0.406343
0.041844  7.312811  3.324922
0.053678  1.529715  3.351673
0.195610  15.785194  7.708112
